# col1 col2      col3      
  1    3.603856  -30.381905
  2    3.572515  -30.413267
  3    3.603858  -30.415842
  4    3.603864  -30.382265
  5    3.579479  -30.386534
  6    3.604005  -30.382309
  7    3.603397  -30.382256
  8    3.596096  -30.385832
  9    3.572902  -30.413658
  10   3.598108  -30.382393
  11   3.600947  -30.399149
  12   3.603582  -30.382442
  13   3.60452   -30.380472
  14   3.606477  -30.380993
  15   3.605263  -30.380606
  16   3.588985  -30.378662
  17   3.606575  -30.380928
  18   3.592285  -30.409911
  19   3.579668  -30.398678
  20   3.603208  -30.410368
  21   3.581282  -30.404207
  22   3.585321  -30.397964
  23   3.474802  -30.362578
  24   3.480642  -30.371175
  25   3.487575  -30.36438 
  26   3.488924  -30.39463 
  27   3.48255   -30.371559
  28   3.48396   -30.397152
  29   3.467582  -30.396908
  30   3.467097  -30.387686
  31   3.48952   -30.399528
  32   3.466056  -30.394409
  33   3.460587  -30.36632 
  34   3.455844  -30.366359
  35   3.488139  -30.367864
  36   3.486988  -30.399579
  37   3.477238  -30.385998
  38   3.474918  -30.362542
  39   3.459245  -30.36736
