# col1 col2      col3 
  40   64.025406 -24.082251
  41   64.043114 -24.057109
  42   64.048058 -24.081429
  43   64.039169 -24.093187
  44   64.047981 -24.081665
  45   64.037582 -24.088104
  46   64.060333 -24.06496 
  47   64.156128 -24.111143
  48   64.149864 -24.113352
  49   64.151779 -24.108454
  50   64.131889 -24.11935 
  51   64.126785 -24.100315
  52   64.147903 -24.111727
  53   64.126862 -24.100067
  54   64.136993 -24.111664
  55   64.120026 -24.113226
  56   64.121368 -24.125864
  57   64.137886 -24.127241
  58   64.144447 -24.1003  
  59   64.149895 -24.10041 
  60   64.130882 -24.09271 
  61   64.142899 -24.101274
